$ 1 9.5367431640625e-7 10.20027730826997 50 5 50 5e-11
R 256 240 192 240 1 2 32768 2.5 2.5 0 0.5
R 1280 -80 1216 -80 1 2 1 2.5 2.5 0 0.5
155 256 208 352 208 0 0
155 448 208 544 208 0 0
w 352 272 384 272 0
w 384 272 384 160 0
w 384 160 256 160 0
w 256 160 256 208 0
w 352 208 416 208 0
w 416 208 416 240 0
w 448 240 416 240 0
w 544 272 576 272 0
w 576 272 576 160 0
w 576 160 448 160 0
w 448 160 448 208 0
w 544 208 608 208 0
w 608 208 608 240 0
w 608 240 624 240 0
155 640 208 736 208 0 5
w 640 240 624 240 0
w 736 272 768 272 0
w 768 272 768 160 0
w 768 160 640 160 0
w 640 160 640 208 0
w 1024 160 1024 208 0
w 1152 160 1024 160 0
w 1152 272 1152 160 0
w 1120 272 1152 272 0
w 1024 240 1008 240 0
155 1024 208 1120 208 0 5
w 992 240 1008 240 0
w 992 208 992 240 0
w 928 208 992 208 0
w 832 160 832 208 0
w 960 160 832 160 0
w 960 272 960 160 0
w 928 272 960 272 0
w 832 240 800 240 0
155 832 208 928 208 0 5
w 736 208 800 208 0
w 800 208 800 240 0
w 1120 208 1184 208 0
w 1184 208 1184 144 0
w 1184 144 256 144 0
M 1184 -128 1296 -128 0 2.5
w 1120 32 1184 32 0
w 800 32 800 64 0
w 736 32 800 32 0
155 832 32 928 32 0 5
w 832 64 800 64 0
w 928 96 960 96 0
w 960 96 960 -16 0
w 960 -16 832 -16 0
w 832 -16 832 32 0
w 928 32 992 32 0
w 992 32 992 64 0
w 992 64 1008 64 0
155 1024 32 1120 32 0 5
w 1024 64 1008 64 0
w 1120 96 1152 96 0
w 1152 96 1152 -16 0
w 1152 -16 1024 -16 0
w 1024 -16 1024 32 0
w 640 -16 640 32 0
w 768 -16 640 -16 0
w 768 96 768 -16 0
w 736 96 768 96 0
w 640 64 624 64 0
155 640 32 736 32 0 0
w 608 64 624 64 0
w 608 32 608 64 0
w 544 32 608 32 0
w 448 -16 448 32 0
w 576 -16 448 -16 0
w 576 96 576 -16 0
w 544 96 576 96 0
w 448 64 416 64 0
w 416 32 416 64 0
w 352 32 416 32 0
w 256 -16 256 32 0
w 384 -16 256 -16 0
w 384 96 384 -16 0
w 352 96 384 96 0
155 448 32 544 32 0 0
155 256 32 352 32 0 0
w 256 64 256 144 0
w 1120 -128 1184 -128 0
w 800 -128 800 -96 0
w 736 -128 800 -128 0
155 832 -128 928 -128 0 5
w 832 -96 800 -96 0
w 928 -64 960 -64 0
w 960 -64 960 -176 0
w 960 -176 832 -176 0
w 832 -176 832 -128 0
w 928 -128 992 -128 0
w 992 -128 992 -96 0
w 992 -96 1008 -96 0
155 1024 -128 1120 -128 0 0
w 1024 -96 1008 -96 0
w 1120 -64 1152 -64 0
w 1152 -64 1152 -176 0
w 1152 -176 1024 -176 0
w 1024 -176 1024 -128 0
w 640 -176 640 -128 0
w 768 -176 640 -176 0
w 768 -64 768 -176 0
w 736 -64 768 -64 0
w 640 -96 624 -96 0
155 640 -128 736 -128 0 5
w 608 -96 624 -96 0
w 608 -128 608 -96 0
w 544 -128 608 -128 0
w 448 -176 448 -128 0
w 576 -176 448 -176 0
w 576 -64 576 -176 0
w 544 -64 576 -64 0
w 448 -96 416 -96 0
w 416 -128 416 -96 0
w 352 -128 416 -128 0
w 256 -176 256 -128 0
w 384 -176 256 -176 0
w 384 -64 384 -176 0
w 352 -64 384 -64 0
155 448 -128 544 -128 0 5
155 256 -128 352 -128 0 5
w 1184 32 1184 -32 0
w 1184 -32 256 -32 0
w 256 -96 256 -32 0
o 0 64 0 4099 5 0.00009765625 0 2 0 3
o 1 128 0 4099 5 0.00009765625 1 2 1 3
o 44 64 0 4098 10 0.1 2 1
