$ 1 0.000005 11.086722712598126 50 5 50 5e-11
157 -1920 256 -1840 256 0 7 0 0
197 -2048 256 -1984 256 0
w -1856 384 -1920 384 0
w -1920 416 -1824 416 0
w -1824 384 -1824 416 0
w -1792 384 -1792 448 0
w -1792 448 -1920 448 0
164 -2352 256 -2320 256 0 4 0 0 0 0 false 0
150 -2192 496 -2064 496 0 2 0 5
w -2256 256 -2208 256 0
w -2256 288 -2208 288 0
w -2208 256 -2048 256 0
w -2048 288 -2208 288 0
w -2208 288 -2208 480 0
w -2192 480 -2208 480 0
w -2240 320 -2240 512 0
w -2192 512 -2240 512 0
w -2256 320 -2240 320 0
w -2048 352 -2256 352 0
w -2064 496 -2064 576 0
w -2064 576 -2416 576 0
w -2352 352 -2432 352 0
w -2432 352 -2432 576 0
w -2416 576 -2432 576 0
w -2256 320 -2048 320 0
w -1408 320 -1232 320 0
w -1584 576 -1600 576 0
w -1600 352 -1600 576 0
w -1520 352 -1600 352 0
w -1232 576 -1584 576 0
w -1232 496 -1232 576 0
w -1232 352 -1424 352 0
w -1424 320 -1408 320 0
w -1360 512 -1408 512 0
w -1408 320 -1408 512 0
w -1360 480 -1376 480 0
w -1376 256 -1376 480 0
w -1232 288 -1408 288 0
w -1376 256 -1232 256 0
w -1424 288 -1408 288 0
w -1424 256 -1376 256 0
150 -1360 496 -1232 496 0 2 0 5
164 -1520 256 -1488 256 0 4 0 5 5 5 false 0
w -976 448 -1104 448 0
w -976 384 -976 448 0
w -1008 384 -1008 416 0
w -1104 416 -1008 416 0
w -1040 384 -1104 384 0
197 -1232 256 -1168 256 0
157 -1104 256 -1024 256 0 7 0 0
w -1232 496 -1232 176 0
w -1232 176 -2368 176 0
w -2368 176 -2368 256 0
w -2352 256 -2368 256 0
w -1520 256 -1600 256 0
w -1600 256 -1600 96 0
152 -1504 96 -1600 96 0 2 0 5
152 -3072 96 -3168 96 0 2 0 5
w -3168 240 -3168 96 0
w -3088 240 -3168 240 0
w -3920 240 -3936 240 0
w -3936 160 -3936 240 0
w -2800 160 -3936 160 0
w -2800 480 -2800 160 0
157 -2672 240 -2592 240 0 7 0 0
197 -2800 240 -2736 240 0
w -2608 368 -2672 368 0
w -2672 400 -2576 400 0
w -2576 368 -2576 400 0
w -2544 368 -2544 432 0
w -2544 432 -2672 432 0
164 -3088 240 -3056 240 0 4 0 5 5 0 false 0
150 -2928 480 -2800 480 0 2 0 5
w -2992 240 -2944 240 0
w -2992 272 -2976 272 0
w -2944 240 -2800 240 0
w -2800 272 -2976 272 0
w -2944 240 -2944 464 0
w -2928 464 -2944 464 0
w -2976 304 -2976 496 0
w -2928 496 -2976 496 0
w -2992 304 -2976 304 0
w -2800 336 -2992 336 0
w -2800 480 -2800 560 0
w -2976 304 -2800 304 0
w -3824 304 -3616 304 0
w -3920 336 -4000 336 0
w -3616 336 -3824 336 0
w -3616 272 -3776 272 0
w -3776 240 -3616 240 0
w -3824 272 -3776 272 0
w -3824 240 -3776 240 0
164 -3920 240 -3888 240 0 4 0 0 0 0 false 0
w -3360 432 -3488 432 0
w -3360 368 -3360 432 0
w -3392 368 -3392 400 0
w -3488 400 -3392 400 0
w -3424 368 -3488 368 0
197 -3616 240 -3552 240 0
157 -3488 240 -3408 240 0 7 0 0
w -2064 576 -1696 576 0
w -1696 576 -1696 112 0
w -1696 112 -2416 112 0
w -3824 304 -3824 560 0
w -2976 272 -2976 192 0
w -2976 192 -3248 192 0
150 -3712 576 -3584 576 0 2 0 5
w -3712 560 -3824 560 0
w -3712 592 -3760 592 0
w -3760 592 -3760 512 0
w -3760 512 -3264 512 0
w -3248 192 -3248 512 0
w -3248 512 -3264 512 0
w -3584 576 -3584 672 0
w -3584 672 -4000 672 0
w -4000 336 -4000 672 0
w -3584 576 -3248 576 0
152 -3248 592 -3120 592 0 2 0 5
w -2800 560 -2800 656 0
w -2800 656 -3248 656 0
w -3248 608 -3248 656 0
w -3120 592 -3120 336 0
w -3088 336 -3120 336 0
w -2416 112 -3072 112 0
w -848 112 -1504 112 0
w -128 112 -848 112 0
w -128 576 -128 112 0
w -496 576 -128 576 0
R 64 112 160 112 1 2 100 2.5 2.5 0 0.5
152 64 96 -32 96 0 2 5 5
w -32 256 -32 96 0
w 48 256 -32 256 0
w -784 256 -800 256 0
w -800 176 -800 256 0
w 336 176 -800 176 0
w 336 496 336 176 0
157 464 256 544 256 0 7 0 0
197 336 256 400 256 0
w 528 384 464 384 0
w 464 416 560 416 0
w 560 384 560 416 0
w 592 384 592 448 0
w 592 448 464 448 0
164 48 256 80 256 0 4 0 5 5 5 false 0
150 208 496 336 496 0 2 0 5
w 144 256 192 256 0
w 144 288 160 288 0
w 192 256 336 256 0
w 336 288 160 288 0
w 192 256 192 480 0
w 208 480 192 480 0
w 160 320 160 512 0
w 208 512 160 512 0
w 144 320 160 320 0
w 336 352 144 352 0
w 336 496 336 576 0
w 336 576 -16 576 0
w 48 352 -32 352 0
w -32 352 -32 576 0
w -16 576 -32 576 0
w 160 320 336 320 0
w -688 320 -480 320 0
w -848 576 -864 576 0
w -864 352 -864 576 0
w -784 352 -864 352 0
w -496 576 -848 576 0
w -496 496 -496 576 0
w -480 352 -688 352 0
w -688 320 -672 320 0
w -624 512 -672 512 0
w -672 320 -672 512 0
w -624 480 -640 480 0
w -640 288 -640 480 0
w -480 288 -640 288 0
w -640 256 -480 256 0
w -688 288 -640 288 0
w -688 256 -640 256 0
150 -624 496 -496 496 0 2 0 5
164 -784 256 -752 256 0 4 0 0 0 5 false 0
w -224 448 -352 448 0
w -224 384 -224 448 0
w -256 384 -256 416 0
w -352 416 -256 416 0
w -288 384 -352 384 0
197 -480 256 -416 256 0
157 -352 256 -272 256 0 7 0 0
r -1424 80 -1312 80 0 1000
v -1424 16 -1424 80 0 0 40 5 0 0 0.5
s -1504 80 -1424 80 0 1 false
g -1312 80 -1280 80 0 0
g -1424 16 -1424 -16 0 0
g -2992 16 -2992 -16 0 0
g -2880 80 -2848 80 0 0
s -3072 80 -2992 80 0 1 false
v -2992 16 -2992 80 0 0 40 5 0 0 0.5
r -2992 80 -2880 80 0 1000
g 144 16 144 -16 0 0
g 256 80 288 80 0 0
s 64 80 144 80 0 1 false
v 144 16 144 80 0 0 40 5 0 0 0.5
r 144 80 256 80 0 1000
