$ 1 0.000005 10.20027730826997 50 5 50 5e-11
157 816 32 896 32 0 7 0 0
197 688 32 752 32 0
w 880 160 816 160 0
w 816 192 912 192 0
w 912 160 912 192 0
w 944 160 944 224 0
w 944 224 816 224 0
164 288 32 320 32 0 4 5 0 0 0 false 0
R 288 32 208 32 1 2 100 2.5 2.5 0 0.5
150 448 272 576 272 0 2 0 5
w 384 32 432 32 0
w 384 64 400 64 0
w 432 32 688 32 0
w 688 64 400 64 0
w 432 32 432 256 0
w 448 256 432 256 0
w 400 96 400 288 0
w 448 288 400 288 0
w 384 96 400 96 0
w 688 128 384 128 0
w 576 272 576 352 0
w 576 352 224 352 0
w 288 128 208 128 0
w 208 128 208 352 0
w 224 352 208 352 0
w 400 96 688 96 0
