$ 1 0.000005 285.9303473255704 96 5 50 5e-11
157 -1040 784 -960 784 0 7 0 0
197 -1168 784 -1104 784 0
w -976 912 -1040 912 0
w -1040 944 -944 944 0
w -944 912 -944 944 0
w -912 912 -912 976 0
w -912 976 -1040 976 0
164 -1472 784 -1440 784 0 4 0 0 5 0 false 0
150 -1312 1024 -1184 1024 0 2 0 5
w -1376 784 -1328 784 0
w -1376 816 -1328 816 0
w -1328 784 -1168 784 0
w -1168 816 -1328 816 0
w -1328 816 -1328 1008 0
w -1312 1008 -1328 1008 0
w -1360 848 -1360 1040 0
w -1312 1040 -1360 1040 0
w -1376 848 -1360 848 0
w -1168 880 -1376 880 0
w -1184 1024 -1184 1104 0
w -1184 1104 -1536 1104 0
w -1472 880 -1552 880 0
w -1552 880 -1552 1104 0
w -1536 1104 -1552 1104 0
w -1376 848 -1168 848 0
w -528 848 -352 848 0
w -704 1104 -720 1104 0
w -720 880 -720 1104 0
w -640 880 -720 880 0
w -352 1104 -704 1104 0
w -352 1024 -352 1104 0
w -352 880 -544 880 0
w -544 848 -528 848 0
w -480 1040 -528 1040 0
w -528 848 -528 1040 0
w -480 1008 -496 1008 0
w -496 784 -496 1008 0
w -352 816 -528 816 0
w -496 784 -352 784 0
w -544 816 -528 816 0
w -544 784 -496 784 0
150 -480 1024 -352 1024 0 2 0 5
164 -640 784 -608 784 0 4 0 5 0 5 false 0
w -96 976 -224 976 0
w -96 912 -96 976 0
w -128 912 -128 944 0
w -224 944 -128 944 0
w -160 912 -224 912 0
197 -352 784 -288 784 0
157 -224 784 -144 784 0 7 0 0
w -352 1024 -352 704 0
w -352 704 -1488 704 0
w -1488 704 -1488 784 0
w -1472 784 -1488 784 0
w -640 784 -720 784 0
w -720 784 -720 624 0
152 -624 624 -720 624 0 2 5 5
w -1184 1104 -816 1104 0
w -816 1104 -816 640 0
w -816 640 -1536 640 0
w -1536 640 -2192 640 0
w -3104 640 -3760 640 0
w -3776 864 -3808 864 0
w -3808 1120 -3808 864 0
w -3936 1136 -3936 1184 0
w -3488 1184 -3936 1184 0
w -3488 1088 -3488 1184 0
152 -3936 1120 -3808 1120 0 2 0 5
w -4272 1104 -3936 1104 0
w -4688 864 -4688 1200 0
w -4272 1200 -4688 1200 0
w -4272 1104 -4272 1200 0
w -3936 1040 -3952 1040 0
w -3936 720 -3936 1040 0
w -4448 1040 -3952 1040 0
w -4448 1120 -4448 1040 0
w -4400 1120 -4448 1120 0
w -4400 1088 -4512 1088 0
150 -4400 1104 -4272 1104 0 2 0 5
w -3664 720 -3936 720 0
w -3664 800 -3664 720 0
w -4512 832 -4512 1088 0
w -2384 640 -3104 640 0
w -2384 1104 -2384 640 0
w -2752 1104 -2384 1104 0
157 -4176 768 -4096 768 0 7 0 0
197 -4304 768 -4240 768 0
w -4112 896 -4176 896 0
w -4176 928 -4080 928 0
w -4080 896 -4080 928 0
w -4048 896 -4048 960 0
w -4048 960 -4176 960 0
164 -4608 768 -4576 768 0 4 0 0 0 0 false 0
w -4512 768 -4464 768 0
w -4512 800 -4464 800 0
w -4464 768 -4304 768 0
w -4304 800 -4464 800 0
w -4304 864 -4512 864 0
w -4608 864 -4688 864 0
w -4512 832 -4304 832 0
w -3664 832 -3488 832 0
w -3488 1008 -3488 1088 0
w -3488 864 -3680 864 0
w -3680 832 -3664 832 0
w -3616 1024 -3664 1024 0
w -3664 832 -3664 1024 0
w -3616 992 -3632 992 0
w -3632 768 -3632 992 0
w -3488 800 -3664 800 0
w -3632 768 -3488 768 0
w -3680 800 -3664 800 0
w -3680 768 -3632 768 0
150 -3616 1008 -3488 1008 0 2 0 5
164 -3776 768 -3744 768 0 4 0 0 5 0 false 0
w -3232 960 -3360 960 0
w -3232 896 -3232 960 0
w -3264 896 -3264 928 0
w -3360 928 -3264 928 0
w -3296 896 -3360 896 0
197 -3488 768 -3424 768 0
157 -3360 768 -3280 768 0 7 0 0
w -3488 1008 -3488 688 0
w -3488 688 -4624 688 0
w -4624 688 -4624 768 0
w -4608 768 -4624 768 0
w -3776 768 -3856 768 0
w -3856 768 -3856 624 0
152 -3760 624 -3856 624 0 2 0 5
152 -2192 624 -2288 624 0 2 0 5
w -2288 784 -2288 624 0
w -2208 784 -2288 784 0
w -3040 784 -3056 784 0
w -3056 704 -3056 784 0
w -1920 704 -3056 704 0
w -1920 1024 -1920 704 0
157 -1792 784 -1712 784 0 7 0 0
197 -1920 784 -1856 784 0
w -1728 912 -1792 912 0
w -1792 944 -1696 944 0
w -1696 912 -1696 944 0
w -1664 912 -1664 976 0
w -1664 976 -1792 976 0
164 -2208 784 -2176 784 0 4 0 0 0 0 false 0
150 -2048 1024 -1920 1024 0 2 0 5
w -2112 784 -2064 784 0
w -2112 816 -2096 816 0
w -2064 784 -1920 784 0
w -1920 816 -2096 816 0
w -2064 784 -2064 1008 0
w -2048 1008 -2064 1008 0
w -2096 848 -2096 1040 0
w -2048 1040 -2096 1040 0
w -2112 848 -2096 848 0
w -1920 880 -2112 880 0
w -1920 1024 -1920 1104 0
w -1920 1104 -2272 1104 0
w -2208 880 -2288 880 0
w -2288 880 -2288 1104 0
w -2272 1104 -2288 1104 0
w -2096 848 -1920 848 0
w -2944 848 -2736 848 0
w -3104 1104 -3120 1104 0
w -3120 880 -3120 1104 0
w -3040 880 -3120 880 0
w -2752 1104 -3104 1104 0
w -2752 1024 -2752 1104 0
w -2736 880 -2944 880 0
w -2944 848 -2928 848 0
w -2880 1040 -2928 1040 0
w -2928 848 -2928 1040 0
w -2880 1008 -2896 1008 0
w -2896 816 -2896 1008 0
w -2736 816 -2896 816 0
w -2896 784 -2736 784 0
w -2944 816 -2896 816 0
w -2944 784 -2896 784 0
150 -2880 1024 -2752 1024 0 2 0 5
164 -3040 784 -3008 784 0 4 0 0 0 0 false 0
w -2480 976 -2608 976 0
w -2480 912 -2480 976 0
w -2512 912 -2512 944 0
w -2608 944 -2512 944 0
w -2544 912 -2608 912 0
197 -2736 784 -2672 784 0
157 -2608 784 -2528 784 0 7 0 0
w -1728 128 -1728 192 0
w -800 192 -1728 192 0
w -800 256 -800 192 0
155 -1728 96 -1632 96 0 5
155 -1536 96 -1440 96 0 5
w -1632 160 -1600 160 0
w -1600 160 -1600 48 0
w -1600 48 -1728 48 0
w -1728 48 -1728 96 0
w -1632 96 -1568 96 0
w -1568 96 -1568 128 0
w -1536 128 -1568 128 0
w -1440 160 -1408 160 0
w -1408 160 -1408 48 0
w -1408 48 -1536 48 0
w -1536 48 -1536 96 0
w -1440 96 -1376 96 0
w -1376 96 -1376 128 0
w -1376 128 -1360 128 0
155 -1344 96 -1248 96 0 5
w -1344 128 -1360 128 0
w -1248 160 -1216 160 0
w -1216 160 -1216 48 0
w -1216 48 -1344 48 0
w -1344 48 -1344 96 0
w -960 48 -960 96 0
w -832 48 -960 48 0
w -832 160 -832 48 0
w -864 160 -832 160 0
w -960 128 -976 128 0
155 -960 96 -864 96 0 5
w -992 128 -976 128 0
w -992 96 -992 128 0
w -1056 96 -992 96 0
w -1152 48 -1152 96 0
w -1024 48 -1152 48 0
w -1024 160 -1024 48 0
w -1056 160 -1024 160 0
w -1152 128 -1184 128 0
155 -1152 96 -1056 96 0 5
w -1248 96 -1184 96 0
w -1184 96 -1184 128 0
w -864 96 -800 96 0
w -1728 288 -1728 368 0
155 -1728 256 -1632 256 0 5
155 -1536 256 -1440 256 0 0
w -1632 320 -1600 320 0
w -1600 320 -1600 208 0
w -1600 208 -1728 208 0
w -1728 208 -1728 256 0
w -1632 256 -1568 256 0
w -1568 256 -1568 288 0
w -1536 288 -1568 288 0
w -1440 320 -1408 320 0
w -1408 320 -1408 208 0
w -1408 208 -1536 208 0
w -1536 208 -1536 256 0
w -1440 256 -1376 256 0
w -1376 256 -1376 288 0
w -1376 288 -1360 288 0
155 -1344 256 -1248 256 0 5
w -1344 288 -1360 288 0
w -1248 320 -1216 320 0
w -1216 320 -1216 208 0
w -1216 208 -1344 208 0
w -1344 208 -1344 256 0
w -960 208 -960 256 0
w -832 208 -960 208 0
w -832 320 -832 208 0
w -864 320 -832 320 0
w -960 288 -976 288 0
155 -960 256 -864 256 0 5
w -992 288 -976 288 0
w -992 256 -992 288 0
w -1056 256 -992 256 0
w -1152 208 -1152 256 0
w -1024 208 -1152 208 0
w -1024 320 -1024 208 0
w -1056 320 -1024 320 0
w -1152 288 -1184 288 0
155 -1152 256 -1056 256 0 5
w -1248 256 -1184 256 0
w -1184 256 -1184 288 0
w -864 256 -800 256 0
w -800 368 -1728 368 0
w -800 432 -800 368 0
w -864 432 -800 432 0
w -1184 432 -1184 464 0
w -1248 432 -1184 432 0
155 -1152 432 -1056 432 0 5
w -1152 464 -1184 464 0
w -1056 496 -1024 496 0
w -1024 496 -1024 384 0
w -1024 384 -1152 384 0
w -1152 384 -1152 432 0
w -1056 432 -992 432 0
w -992 432 -992 464 0
w -992 464 -976 464 0
155 -960 432 -864 432 0 0
w -960 464 -976 464 0
w -864 496 -832 496 0
w -832 496 -832 384 0
w -832 384 -960 384 0
w -960 384 -960 432 0
w -1344 384 -1344 432 0
w -1216 384 -1344 384 0
w -1216 496 -1216 384 0
w -1248 496 -1216 496 0
w -1344 464 -1360 464 0
155 -1344 432 -1248 432 0 0
w -1376 464 -1360 464 0
w -1376 432 -1376 464 0
w -1440 432 -1376 432 0
w -1536 384 -1536 432 0
w -1408 384 -1536 384 0
w -1408 496 -1408 384 0
w -1440 496 -1408 496 0
w -1536 464 -1568 464 0
w -1568 432 -1568 464 0
w -1632 432 -1568 432 0
w -1728 384 -1728 432 0
w -1600 384 -1728 384 0
w -1600 496 -1600 384 0
w -1632 496 -1600 496 0
155 -1536 432 -1440 432 0 5
155 -1728 432 -1632 432 0 5
R -1728 464 -1792 464 1 2 32768 2.5 2.5 0 0.5
w -624 640 -352 640 0
w -256 640 -256 112 0
w -800 96 -352 96 0
w -352 112 -352 96 0
w -352 640 -256 640 0
w -256 112 -352 112 0
g -2112 544 -2112 512 0 0
g -2000 608 -1968 608 0 0
s -2192 608 -2112 608 0 1 false
v -2112 544 -2112 608 0 0 40 5 0 0 0.5
r -2112 608 -2000 608 0 1000
g -3680 544 -3680 512 0 0
g -3568 608 -3536 608 0 0
s -3760 608 -3680 608 0 1 false
v -3680 544 -3680 608 0 0 40 5 0 0 0.5
r -3680 608 -3568 608 0 1000
g -544 544 -544 512 0 0
g -432 608 -400 608 0 0
s -624 608 -544 608 0 1 false
v -544 544 -544 608 0 0 40 5 0 0 0.5
r -544 608 -432 608 0 1000
