$ 1 0.000005 10.20027730826997 50 5 50 5e-11
w 448 304 448 192 0
w 528 224 384 224 0
w 448 192 528 192 0
w 448 160 448 192 0
150 656 320 784 320 0 2 0 5
154 528 208 656 208 0 2 0 5
207 912 352 976 352 4 cout
207 784 192 848 192 4 y
207 448 160 448 80 4 a
207 384 160 384 80 4 b
207 320 160 320 80 4 c
154 656 192 784 192 0 2 0 5
w 320 160 656 160 0
w 656 160 656 176 0
w 656 208 656 304 0
w 320 160 320 336 0
w 320 336 656 336 0
w 384 160 384 224 0
150 656 400 784 400 0 2 0 5
w 448 304 448 384 0
w 448 384 656 384 0
w 656 416 384 416 0
w 384 224 384 416 0
152 800 352 912 352 0 2 0 5
w 800 336 784 336 0
w 784 336 784 320 0
w 800 368 784 368 0
w 784 368 784 400 0
. my_fa 0 2 3 5 a 1 0 2 b 2 1 2 c 3 2 2 cout 6 0 3 y 8 2 3 AndGateElm\s3\s4\s5\rXorGateElm\s2\s1\s4\rXorGateElm\s4\s3\s8\rAndGateElm\s2\s1\s13\rOrGateElm\s13\s5\s6 0\\s2\\s0\\s5\s0\\s2\\s0\\s5\s0\\s2\\s0\\s5\s0\\s2\\s0\\s5\s0\\s2\\s0\\s5
410 1008 112 1040 176 1 my_fa 0\s2\s0\s5 0\s2\s0\s5 0\s2\s0\s5 0\s2\s0\s5 0\s2\s0\s5
