$ 1 0.000005 10.20027730826997 50 5 50 5e-11
L -288 128 -288 64 0 1 false 5 0
L -256 128 -256 64 0 1 false 5 0
L -224 128 -224 64 0 1 false 5 0
L -384 496 -384 560 0 1 false 5 0
L -352 496 -352 560 0 1 false 5 0
L -320 496 -320 560 0 1 false 5 0
x -303 42 -210 45 4 24 a2\sa1\sa0
x -396 595 -303 598 4 24 b2\sb1\sb0
w -320 496 -320 464 0
w -320 464 -176 464 0
w -352 496 -352 336 0
w -176 336 -352 336 0
w -384 496 -384 208 0
w -384 208 -176 208 0
w -224 128 -224 432 0
w -224 432 -176 432 0
w -256 128 -256 304 0
w -176 336 -112 336 0
w -176 208 -48 208 0
w -256 304 -112 304 0
w -48 176 -288 176 0
w -288 176 -288 128 0
w -80 432 160 432 0
w -16 368 144 368 0
w 48 176 192 176 0
w -80 464 -80 400 0
w -80 400 -112 400 0
w -112 400 -112 368 0
w -16 304 -16 272 0
w -16 272 -48 272 0
w -48 272 -48 240 0
157 784 -64 928 -64 0 7 0 0
197 656 -64 704 -64 0
w 784 64 848 64 0
w 880 64 880 96 0
w 880 96 784 96 0
w 784 128 912 128 0
w 912 128 912 64 0
w 192 176 480 176 0
w 48 240 496 240 0
w 496 208 496 176 0
w 496 176 480 176 0
w 144 368 368 368 0
w 368 368 368 272 0
w 496 272 368 272 0
w 496 432 160 432 0
w 496 432 496 304 0
x 226 161 251 164 4 24 c3
x 225 226 250 229 4 24 y2
x 229 359 254 362 4 24 y1
x 226 424 251 427 4 24 y0
197 656 240 704 240 0
157 992 -64 1136 -64 0 7 0 0
w 592 336 656 336 0
w 656 304 592 304 0
w 656 272 592 272 0
w 656 240 592 240 0
w 656 32 656 208 0
w 656 208 592 208 0
L 656 0 544 0 0 0 false 5 0
L 656 -32 544 -32 0 0 false 5 0
L 656 -64 544 -64 0 0 false 5 0
w 992 -64 944 -64 0
w 784 240 944 240 0
w 944 -64 944 240 0
w 784 272 960 272 0
w 992 -32 960 -32 0
w 960 -32 960 272 0
w 992 0 976 0 0
w 976 0 976 304 0
w 784 304 976 304 0
w 784 336 992 336 0
w 992 32 992 336 0
w 1056 64 1056 368 0
w 784 368 1056 368 0
w 1088 64 1088 400 0
w 1088 400 784 400 0
w 784 432 1120 432 0
w 1120 64 1120 432 0
. my_bin2bcd\s1 0 2 5 9 a 13 0 2 b 15 1 2 c 17 2 2 d 3 3 2 t 4 0 3 u0 1 4 3 u1 7 3 3 u2 9 2 3 u3 11 1 3 InverterElm\s2\s1\rInverterElm\s3\s2\rInverterElm\s17\s20\rInverterElm\s15\s21\rInverterElm\s13\s22\rOrGateElm\s23\s24\s4\rAndGateElm\s17\s13\s23\rAndGateElm\s15\s13\s24\rAndGateElm\s20\s21\s13\s11\rAndGateElm\s15\s22\s26\rAndGateElm\s17\s15\s25\rOrGateElm\s25\s26\s9\rOrGateElm\s27\s28\s7\rAndGateElm\s20\s15\s13\s27\rAndGateElm\s17\s22\s28 0\\s0.5\\s5\s0\\s0.5\\s5\s0\\s0.5\\s5\s0\\s0.5\\s5\s0\\s0.5\\s5\s0\\s2\\s0\\s5\s0\\s2\\s0\\s5\s0\\s2\\s0\\s5\s0\\s3\\s0\\s5\s0\\s2\\s0\\s5\s0\\s2\\s0\\s5\s0\\s2\\s0\\s5\s0\\s2\\s0\\s5\s0\\s3\\s0\\s5\s0\\s2\\s0\\s5
410 496 208 624 240 1 my_bin2bcd\s1 0\s0.5\s5 0\s0.5\s5 0\s0.5\s5 0\s0.5\s5 0\s0.5\s5 0\s2\s5\s5 0\s2\s5\s5 0\s2\s5\s5 0\s3\s0\s5 0\s2\s0\s5 0\s2\s5\s5 0\s2\s5\s5 0\s2\s0\s5 0\s3\s0\s5 0\s2\s0\s5
. my_fa 0 2 3 5 a 1 0 2 b 2 1 2 c 3 2 2 cout 6 0 3 y 8 2 3 AndGateElm\s3\s4\s5\rXorGateElm\s2\s1\s4\rXorGateElm\s4\s3\s8\rAndGateElm\s2\s1\s13\rOrGateElm\s13\s5\s6 0\\s2\\s0\\s5\s0\\s2\\s0\\s5\s0\\s2\\s0\\s5\s0\\s2\\s0\\s5\s0\\s2\\s0\\s5
410 -112 304 -96 304 1 my_fa 0\s2\s0\s5 0\s2\s0\s5 0\s2\s5\s5 0\s2\s5\s5 0\s2\s5\s5
. my_ha 0 2 2 4 a 3 0 2 b 1 1 2 cout 7 1 3 y 5 0 3 XorGateElm\s1\s3\s5\rAndGateElm\s1\s3\s7 0\\s2\\s0\\s5\s0\\s2\\s0\\s5
410 -176 432 -352 432 1 my_ha 0\s2\s0\s5 0\s2\s5\s5
410 -48 176 -32 176 1 my_fa 0\s2\s0\s5 0\s2\s0\s5 0\s2\s5\s5 0\s2\s5\s5 0\s2\s5\s5
