$ 1 0.000005 10.20027730826997 50 5 50 5e-11
w 656 640 800 640 0
I 560 640 656 640 0 0.5 5
I 480 640 560 640 0 0.5 5
w 144 640 480 640 0
w 144 -80 144 624 0
207 800 112 864 112 4 t
207 800 640 864 640 4 u0
207 800 528 864 528 4 u1
207 800 368 864 368 4 u2
207 800 256 864 256 4 u3
207 400 -80 400 -144 4 a
207 288 -80 288 -144 4 b
207 192 -80 192 -144 4 c
207 144 -80 144 -144 4 d
w 192 -80 240 -80 0
w 192 -80 192 -64 0
w 240 -80 240 -64 0
I 240 -64 240 0 0 0.5 5
I 336 -64 336 0 0 0.5 5
w 336 -80 336 -64 0
w 288 -80 336 -80 0
w 400 -80 448 -80 0
w 448 -80 448 -64 0
I 448 -64 448 0 0 0.5 5
w 192 -64 192 0 0
w 288 -80 288 0 0
w 400 -80 400 0 0
152 720 112 800 112 0 2 0 5
150 576 160 672 160 0 2 0 5
150 576 80 672 80 0 2 0 5
w 720 96 672 96 0
w 672 80 672 96 0
w 720 128 672 128 0
w 672 128 672 160 0
w 400 0 400 32 0
w 576 64 400 64 0
w 400 32 400 64 0
w 576 96 304 96 0
w 288 0 288 96 0
w 288 96 304 96 0
w 400 64 400 144 0
w 400 144 576 144 0
w 576 176 208 176 0
w 192 0 192 176 0
w 192 176 208 176 0
150 704 256 800 256 0 3 0 5
w 400 144 400 208 0
w 704 240 400 240 0
w 400 208 400 240 0
w 336 0 336 256 0
w 336 256 704 256 0
w 704 272 256 272 0
w 240 0 240 272 0
w 256 272 240 272 0
w 672 384 672 416 0
w 720 384 672 384 0
w 672 336 672 352 0
w 720 352 672 352 0
150 576 336 672 336 0 2 0 5
150 576 416 672 416 0 2 0 5
152 720 368 800 368 0 2 0 5
w 448 0 448 320 0
w 576 320 448 320 0
w 576 352 304 352 0
w 288 96 288 352 0
w 304 352 288 352 0
w 288 352 288 384 0
w 576 400 288 400 0
w 288 384 288 400 0
w 576 432 192 432 0
w 192 176 192 432 0
152 720 528 800 528 0 2 0 5
150 576 576 672 576 0 3 0 5
150 576 496 672 496 0 2 0 5
w 720 512 672 512 0
w 672 496 672 512 0
w 720 544 672 544 0
w 672 544 672 576 0
w 144 624 144 640 0
w 448 320 448 464 0
w 576 480 448 480 0
w 448 464 448 480 0
w 192 432 192 496 0
w 576 512 192 512 0
w 192 496 192 512 0
w 576 560 432 560 0
w 400 240 400 560 0
w 400 560 432 560 0
w 576 576 304 576 0
w 288 400 288 576 0
w 304 576 288 576 0
w 576 592 256 592 0
w 240 272 240 592 0
w 240 592 256 592 0
. my_bin2bcd\s1 0 2 5 9 a 13 0 2 b 15 1 2 c 17 2 2 d 3 3 2 t 4 0 3 u0 1 4 3 u1 7 3 3 u2 9 2 3 u3 11 1 3 InverterElm\s2\s1\rInverterElm\s3\s2\rInverterElm\s17\s20\rInverterElm\s15\s21\rInverterElm\s13\s22\rOrGateElm\s23\s24\s4\rAndGateElm\s17\s13\s23\rAndGateElm\s15\s13\s24\rAndGateElm\s20\s21\s13\s11\rAndGateElm\s15\s22\s26\rAndGateElm\s17\s15\s25\rOrGateElm\s25\s26\s9\rOrGateElm\s27\s28\s7\rAndGateElm\s20\s15\s13\s27\rAndGateElm\s17\s22\s28 0\\s0.5\\s5\s0\\s0.5\\s5\s0\\s0.5\\s5\s0\\s0.5\\s5\s0\\s0.5\\s5\s0\\s2\\s0\\s5\s0\\s2\\s0\\s5\s0\\s2\\s0\\s5\s0\\s3\\s0\\s5\s0\\s2\\s0\\s5\s0\\s2\\s0\\s5\s0\\s2\\s0\\s5\s0\\s2\\s0\\s5\s0\\s3\\s0\\s5\s0\\s2\\s0\\s5
410 -288 80 -224 240 1 my_bin2bcd\s1 0\s0.5\s5 0\s0.5\s5 0\s0.5\s5 0\s0.5\s5 0\s0.5\s5 0\s2\s0\s5 0\s2\s0\s5 0\s2\s0\s5 0\s3\s0\s5 0\s2\s0\s5 0\s2\s0\s5 0\s2\s0\s5 0\s2\s0\s5 0\s3\s0\s5 0\s2\s0\s5
