$ 1 0.000005 10.20027730826997 50 5 50 5e-11
L 128 48 128 -16 0 0 false 5 0
L 160 48 160 -16 0 0 false 5 0
L 192 48 192 -16 0 0 false 5 0
L 32 416 32 480 0 0 false 5 0
L 64 416 64 480 0 0 false 5 0
L 96 416 96 480 0 0 false 5 0
x 113 -38 206 -35 4 24 a2\sa1\sa0
x 20 515 113 518 4 24 b2\sb1\sb0
195 240 352 288 352 0
196 304 224 464 224 0
196 368 96 448 96 0
w 96 416 96 384 0
w 96 384 240 384 0
w 64 416 64 256 0
w 240 256 64 256 0
w 32 416 32 128 0
w 32 128 240 128 0
w 192 48 192 352 0
w 192 352 240 352 0
w 160 48 160 224 0
w 240 256 304 256 0
w 240 128 368 128 0
w 160 224 304 224 0
w 368 96 128 96 0
w 128 96 128 48 0
w 336 352 576 352 0
w 400 288 560 288 0
w 464 96 608 96 0
w 336 384 336 320 0
w 336 320 304 320 0
w 304 320 304 288 0
w 400 224 400 192 0
w 400 192 368 192 0
w 368 192 368 160 0
157 1040 128 1184 128 0 7 0 0
197 912 128 960 128 0
w 1040 256 1104 256 0
w 1136 256 1136 288 0
w 1136 288 1040 288 0
w 1040 320 1168 320 0
w 1168 320 1168 256 0
w 608 96 896 96 0
w 464 160 912 160 0
w 912 128 912 96 0
w 912 96 896 96 0
w 560 288 784 288 0
w 784 288 784 192 0
w 912 192 784 192 0
w 912 352 576 352 0
w 912 352 912 224 0
x 642 81 667 84 4 24 c3
x 641 146 666 149 4 24 y2
x 645 279 670 282 4 24 y1
x 642 344 667 347 4 24 y0
