$ 1 0.000005 10.20027730826997 50 5 50 5e-11
207 144 -448 144 -512 4 A
207 240 -448 240 -512 4 B
207 336 -448 336 -512 4 C
207 432 -448 432 -512 4 D
207 1200 -240 1312 -240 4 a
207 1200 16 1312 16 4 b
207 1216 256 1312 256 4 c
207 1216 352 1280 352 4 d
I 288 -432 288 -352 0 0.5 5
w 288 -448 288 -432 0
w 240 -448 288 -448 0
I 384 -432 384 -352 0 0.5 5
w 384 -448 384 -432 0
w 336 -448 384 -448 0
I 480 -432 480 -352 0 0.5 5
w 480 -448 480 -432 0
w 432 -448 480 -448 0
w 144 -448 144 -352 0
w 240 -448 240 -352 0
w 336 -448 336 -352 0
w 432 -448 432 -352 0
152 1088 -240 1200 -240 0 4 5 5
150 880 -176 992 -176 0 2 0 5
150 880 -96 992 -96 0 2 5 5
w 1088 -224 992 -224 0
w 992 -224 992 -176 0
w 992 -96 1024 -96 0
w 1024 -96 1024 -208 0
w 1024 -208 1088 -208 0
w 1088 -272 144 -272 0
w 144 -352 144 -272 0
w 1088 -256 336 -256 0
w 336 -352 336 -256 0
w 880 -192 240 -192 0
w 240 -352 240 -192 0
w 432 -352 432 -160 0
w 880 -160 432 -160 0
w 880 -112 304 -112 0
w 288 -352 288 -112 0
w 288 -112 304 -112 0
w 880 -80 480 -80 0
w 480 -352 480 -80 0
207 1024 -96 1088 -96 5 !B!D
152 1088 16 1200 16 0 3 5 5
150 896 144 1008 144 0 2 5 5
150 896 64 1008 64 0 2 0 5
w 288 -112 288 -32 0
w 1088 0 288 0 0
w 288 -32 288 0 0
w 336 -256 336 32 0
w 896 48 336 48 0
w 336 32 336 48 0
w 432 -160 432 80 0
w 896 80 432 80 0
w 384 -352 384 112 0
w 896 128 384 128 0
w 384 112 384 128 0
w 480 -80 480 160 0
w 896 160 480 160 0
w 1088 16 1008 16 0
w 1008 16 1008 64 0
w 1088 32 1024 32 0
w 1024 32 1024 144 0
w 1024 144 1008 144 0
207 1024 144 1088 144 5 !C!D
152 1104 256 1216 256 0 3 5 5
w 384 128 384 208 0
w 1104 240 384 240 0
w 384 240 384 208 0
w 240 -192 240 256 0
w 1104 256 240 256 0
w 432 80 432 272 0
w 1104 272 432 272 0
152 1104 352 1216 352 0 5 5 5
w 1104 320 144 320 0
w 144 -272 144 320 0
150 880 400 992 400 0 2 0 5
150 880 480 992 480 0 2 0 5
150 880 560 992 560 0 3 0 5
w 288 0 288 384 0
w 880 384 288 384 0
w 336 48 336 416 0
w 336 416 880 416 0
w 1104 336 992 336 0
w 992 336 992 400 0
w 336 416 336 448 0
w 880 464 336 464 0
w 336 448 336 464 0
w 480 160 480 496 0
w 880 496 480 496 0
w 1104 352 1024 352 0
w 1024 352 1024 480 0
w 1024 480 1008 480 0
w 992 480 1008 480 0
207 1024 480 1024 512 5 C!D
207 992 336 928 336 5 !BC
w 240 256 240 512 0
w 880 544 240 544 0
w 240 512 240 544 0
w 384 240 384 560 0
w 880 560 384 560 0
w 432 272 432 576 0
w 432 576 880 576 0
w 1104 368 1040 368 0
w 1040 368 1040 560 0
w 1040 560 992 560 0
207 1104 384 1104 416 5 !B!D
152 1152 496 1264 496 0 2 5 5
207 1264 496 1296 496 4 e
207 1152 480 1120 480 5 C!D
207 1152 512 1120 512 5 !B!D
152 -192 -224 -352 -224 0 4 5 5
w 144 -272 -192 -272 0
w -192 -272 -192 -256 0
150 -112 -48 -224 -48 0 2 0 5
150 -112 32 -224 32 0 2 0 5
w 240 -192 16 -192 0
w 16 -192 16 -64 0
w 16 -64 -112 -64 0
w 384 112 112 112 0
w 112 112 112 -16 0
w 112 -16 112 -32 0
w 112 -32 -112 -32 0
w 16 -64 16 16 0
w 16 16 -112 16 0
w 480 -80 64 -80 0
w 64 -80 64 64 0
w 64 64 -112 64 0
w -112 48 -112 64 0
w -224 -48 -320 -48 0
w -224 -48 -224 -96 0
w -224 -96 -64 -96 0
w -64 -96 -64 -240 0
w -64 -240 -192 -240 0
w -224 32 -272 32 0
w -272 32 -272 -128 0
w -272 -128 -208 -128 0
w -192 -192 -192 -128 0
w -208 -128 -192 -128 0
207 -320 -48 -384 -48 5 B!C
207 -192 -208 -128 -208 5 !C!D
207 -352 -224 -416 -224 4 f
152 -192 -400 -352 -400 0 4 0 5
207 -352 -400 -416 -400 4 g
w 144 -448 -192 -448 0
w -192 -448 -192 -432 0
207 -192 -416 -128 -416 5 B!C
207 -192 -384 -128 -384 5 !BC
207 -192 -368 -128 -368 5 C!D
. my_disp\s2 0 2 7 11 A 1 0 2 a 9 0 3 B 3 1 2 b 11 1 3 C 5 2 2 c 13 2 3 D 7 3 2 d 15 3 3 e 34 4 3 f 39 5 3 g 45 6 3 InverterElm\s3\s17\rInverterElm\s5\s18\rInverterElm\s7\s19\rOrGateElm\s20\s21\s5\s1\s9\rAndGateElm\s7\s3\s21\rAndGateElm\s19\s17\s20\rOrGateElm\s23\s24\s17\s11\rAndGateElm\s19\s18\s23\rAndGateElm\s7\s5\s24\rOrGateElm\s7\s3\s18\s13\rOrGateElm\s20\s27\s28\s29\s1\s15\rAndGateElm\s5\s17\s29\rAndGateElm\s19\s5\s28\rAndGateElm\s7\s18\s3\s27\rOrGateElm\s20\s28\s34\rOrGateElm\s1\s36\s23\s38\s39\rAndGateElm\s3\s18\s36\rAndGateElm\s3\s19\s38\rOrGateElm\s1\s36\s29\s28\s45 0\\s0.5\\s5\s0\\s0.5\\s5\s0\\s0.5\\s5\s0\\s4\\s5\\s5\s0\\s2\\s0\\s5\s0\\s2\\s5\\s5\s0\\s3\\s5\\s5\s0\\s2\\s5\\s5\s0\\s2\\s0\\s5\s0\\s3\\s5\\s5\s0\\s5\\s5\\s5\s0\\s2\\s0\\s5\s0\\s2\\s0\\s5\s0\\s3\\s0\\s5\s0\\s2\\s5\\s5\s0\\s4\\s5\\s5\s0\\s2\\s0\\s5\s0\\s2\\s0\\s5\s0\\s4\\s0\\s5
410 -768 -64 -736 0 1 my_disp\s2 0\s0.5\s5 0\s0.5\s5 0\s0.5\s5 0\s4\s5\s5 0\s2\s0\s5 0\s2\s5\s5 0\s3\s5\s5 0\s2\s5\s5 0\s2\s0\s5 0\s3\s5\s5 0\s5\s5\s5 0\s2\s0\s5 0\s2\s0\s5 0\s3\s0\s5 0\s2\s5\s5 0\s4\s5\s5 0\s2\s0\s5 0\s2\s0\s5 0\s4\s0\s5
