$ 1 0.000005 10.20027730826997 50 5 50 5e-11
157 880 48 976 48 0 7 0 0
197 752 48 800 48 0
w 944 176 880 176 0
w 880 208 976 208 0
w 976 176 976 208 0
w 1008 176 1008 240 0
w 1008 240 880 240 0
413 176 16 192 16 0 3 4 0 4 0 3 7 1 3 -1 -2
L 272 16 304 16 0 0 false 5 0
v 1248 176 1248 80 0 0 40 5 0 0 0.5
g 1248 176 1248 208 0 0
207 1248 80 1248 64 5 Vcc
180 640 384 640 256 0 0.1 10000000000
180 560 384 560 256 0 0.1 10000000000
180 480 384 480 256 0 0.1 10000000000
180 400 384 400 256 0 0.1 10000000000
w 272 144 640 144 0
w 640 144 640 256 0
w 752 144 640 144 0
w 560 256 560 112 0
w 560 112 272 112 0
w 560 112 752 112 0
w 752 80 480 80 0
w 480 80 480 256 0
w 480 80 272 80 0
w 272 48 384 48 0
w 384 48 400 48 0
w 400 48 400 256 0
w 400 48 752 48 0
w 640 384 720 384 0
s 720 384 784 384 0 1 false
207 784 384 800 384 5 Vcc
w 640 384 640 416 0
r 640 416 640 496 0 100000
r 720 448 720 528 0 1000
g 640 496 640 544 0 0
g 720 528 720 544 0 0
162 720 384 720 448 2 default-led 0 0 1 0.01
I 48 320 160 320 0 0.5 5
w 160 320 416 320 0
w 416 320 496 320 0
w 496 320 576 320 0
w 576 320 656 320 0
L 560 384 560 416 0 0 false 5 0
L 480 384 480 416 0 0 false 5 0
L 400 384 400 416 0 0 false 5 0
L 176 80 128 80 0 0 false 5 0
L 176 112 128 112 0 0 false 5 0
L 176 144 128 144 0 0 false 5 0
r -48 240 -48 320 0 100000
207 -48 240 -48 224 5 Vcc
w 48 320 -48 320 0
s -48 320 -48 384 0 1 true
g -48 384 -48 416 0 0
w 48 320 48 16 0
w 176 16 48 16 0
x 665 592 710 595 4 24 LSB
x -1 377 137 380 4 24 Push\sto\swrite
x 482 466 518 469 4 24 Din
x 83 188 171 191 4 24 Address
