$ 1 0.000005 10.20027730826997 50 5 50 5e-11
157 1056 192 1152 192 0 7 0 0
197 928 192 976 192 0
w 1120 320 1056 320 0
w 1056 352 1152 352 0
w 1152 320 1152 352 0
w 1184 320 1184 384 0
w 1184 384 1056 384 0
413 352 160 368 160 0 3 4 0 4 0 3 7 1 3 -1 -2
L 448 160 480 160 0 0 false 5 0
v 1424 320 1424 224 0 0 40 5 0 0 0.5
g 1424 320 1424 352 0 0
207 1424 224 1424 208 5 Vcc
180 816 528 816 400 0 0.1 10000000000
180 736 528 736 400 0 0.1 10000000000
180 656 528 656 400 0 0.1 10000000000
180 576 528 576 400 0 0.1 10000000000
w 448 288 816 288 0
w 816 288 816 400 0
w 928 288 816 288 0
w 736 400 736 256 0
w 736 256 448 256 0
w 736 256 928 256 0
w 928 224 656 224 0
w 656 224 656 400 0
w 656 224 448 224 0
w 448 192 560 192 0
w 560 192 576 192 0
w 576 192 576 400 0
w 576 192 928 192 0
w 816 528 896 528 0
s 896 528 960 528 0 1 false
207 960 528 976 528 5 Vcc
w 816 528 816 560 0
r 816 560 816 640 0 100000
r 896 592 896 672 0 1000
g 816 640 816 688 0 0
g 896 672 896 688 0 0
162 896 528 896 592 2 default-led 0 0 1 0.01
I 224 464 336 464 0 0.5 5
w 336 464 592 464 0
w 592 464 672 464 0
w 672 464 752 464 0
w 752 464 832 464 0
L 736 528 736 560 0 0 false 5 0
L 656 528 656 560 0 0 false 5 0
L 576 528 576 560 0 0 false 5 0
r -176 384 -176 464 0 100000
207 -176 384 -176 368 5 Vcc
w -80 464 -176 464 0
s -176 464 -176 528 0 1 true
g -176 528 -176 560 0 0
x 841 736 886 739 4 24 LSB
x -129 521 9 524 4 24 Push\sto\swrite
x 658 610 694 613 4 24 Din
g 16 32 16 16 0 0
r 16 112 16 32 0 1000
207 -64 112 -64 128 5 Vcc
s -64 112 16 112 0 1 false
w 112 128 112 208 0
150 16 128 112 128 0 2 0 5
w 112 240 64 240 0
r 64 240 64 304 0 100000
s -16 240 64 240 0 1 false
207 -16 240 -16 256 5 Vcc
g 64 304 64 320 0 0
152 112 224 208 224 0 2 0 5
R 16 144 -32 144 1 2 100 2.5 2.5 0 0.5
164 208 224 224 224 0 3 0 5 0 false 0
w 224 464 -80 464 0
w 352 160 352 -16 0
w 352 -16 -80 -16 0
w -80 -16 -80 464 0
150 256 368 176 368 0 2 0 5
w 304 256 320 256 0
w 320 256 320 352 0
w 304 224 336 224 0
w 336 224 336 384 0
w 336 384 272 384 0
w 272 384 256 384 0
w 336 224 352 224 0
w 352 256 320 256 0
w 352 288 304 288 0
w 208 288 176 288 0
w 176 288 176 368 0
w 320 352 256 352 0
x -319 120 -107 123 4 24 H\s-\smanual,\sL\s-\sauto
x -65 214 81 217 4 24 Push\sto\scount
