$ 1 0.000005 10.20027730826997 50 5 50 5e-11
405 448 80 544 80 0 8 8
413 176 48 208 48 0 3 8 0 60 66 169 133 133 169 66 60 -1 -2
163 448 448 480 448 2 8 0 5 0 0 0 0 0 0
164 80 240 96 240 0 3 0 0 5 false 0
v 768 176 768 256 0 0 40 5 0 0 0.5
g 768 176 768 144 0 0
207 768 256 768 272 5 Vcc
L 272 48 272 0 0 0 false 5 0
L 176 48 176 0 0 1 false 5 0
r 0 304 0 384 0 100000
g 0 384 0 416 0 0
s -80 304 0 304 0 1 true
207 -80 304 -80 320 5 Vcc
w 80 304 80 544 0
R -16 240 -80 240 1 2 100 2.5 2.5 0 0.5
w -16 240 48 240 0
w 48 240 48 400 0
w 48 240 80 240 0
w 448 480 48 480 0
w 48 400 48 480 0
w 80 544 160 544 0
I 160 544 256 544 0 0.5 5
w 256 544 704 544 0
w 704 512 704 544 0
w 512 512 400 512 0
I 288 512 400 512 0 0.5 5
207 288 512 288 528 5 Vcc
I 480 416 480 336 0 0.5 5
I 512 416 512 336 0 0.5 5
I 544 416 544 336 0 0.5 5
I 576 416 576 336 0 0.5 5
I 608 416 608 336 0 0.5 5
I 640 416 640 336 0 0.5 5
I 672 416 672 336 0 0.5 5
I 704 416 704 336 0 0.5 5
w 272 304 448 304 0
w 448 272 272 272 0
w 272 240 448 240 0
w 448 208 272 208 0
w 272 176 448 176 0
w 448 144 272 144 0
w 272 112 448 112 0
w 272 80 448 80 0
w 80 304 0 304 0
